# Searching for station nr  7150 in ghcnm.tavg.v3.qca v3.3.0.20161102
# PARIS/LE BOURGET    FRANCE    (FRANCE)
# coordinates:  48.80N,    2.50E,      53.0m (prob:   52m)
# WMO station code:  7150 PARIS/LE_BOURGET              
# tavg [Celsius] daily mean temperature (adjusted) from GHCN-M v3.3.0.20161102
 1766   -3.0    1.3    6.8   10.9   15.2   17.4   19.4   19.3   16.5   12.1    6.4    0.7
 1767   -2.5    8.1    6.3    8.2   12.1   15.7   18.5   19.1   15.6   11.8    7.6   -1.1
 1768    0.6    6.1    4.4   10.9   14.8   16.6   19.5   18.7   15.0   11.3    6.3    2.8
 1769    2.5    3.2    4.9   10.5   14.4   15.9   19.1   17.9   15.6    7.4    5.8    3.9
 1770    2.1    2.0    3.4    7.0   14.0   16.2   17.6   19.4   17.7    9.9    6.5    4.9
 1771    0.2    2.2    3.1    6.4   16.1   16.3   19.2   17.8   15.2   10.7    4.4    5.1
 1772   -0.2    4.7    6.2    8.4   11.8   19.5   18.7   18.8   16.6   13.0    6.9    2.9
 1773    3.8    2.2    5.9    8.9   13.3   17.0   18.0   19.5   16.3   11.9    5.9    3.8
 1774    2.1    3.9    8.3   10.2   13.2   18.2   18.9   19.2   15.1   10.7    3.7    2.8
 1775    3.9    6.4    6.5   10.3   13.0   20.0   20.1   19.5   18.0   10.7    4.3    2.6
 1776   -5.3    5.3    7.8   10.1   11.1   16.9   20.1   18.5   14.0   11.9    6.6    3.4
 1777    0.7    2.2    8.2    8.3   12.6   15.6   17.8   19.7   16.5   11.5    7.1    0.6
 1778    1.7    1.8    5.8    9.8   14.6   17.1   20.2   20.1   14.2    9.9    8.3    6.0
 1779   -1.0    7.2    8.8   10.7   15.6   15.9   19.8   21.0   17.9   14.0    7.2    6.1
 1780   -0.4    1.6    9.3    8.0   15.5   18.2   19.6   22.7   17.3   12.3    5.9    0.4
 1781    2.6    5.6    8.7   13.0   17.0   18.6   20.2   20.5   16.7   10.8    6.4    5.8
 1782    4.8    0.3    5.7    7.9   10.8   18.2   18.4   15.8   15.2    8.5    2.3    2.3
 1783    5.5    5.5    4.7   11.6   13.4   16.6   21.4   18.3   15.0   11.0    6.8   -0.7
 1784   -1.4    0.4    4.2    7.1   16.4   16.8   17.7   16.2   17.1    7.4    6.5   -0.1
 1785    3.8    0.2    1.2    8.4   13.9   17.1   17.7   16.0   16.3   10.4    5.3    2.3
 1786    4.4    3.2    2.6   10.5   13.6   18.3   16.5   17.2   13.8    8.2    3.2    3.3
 1787    1.3    5.5    8.1    9.1   12.1   18.4   19.1   19.8   16.8   12.9    6.0    5.7
 1788    4.1    5.7    6.6   11.6   16.1   17.7   18.8   18.1   16.4   10.4    2.8   -6.8
 1789    1.5    5.6    1.8    9.1   16.2   15.3   17.8   19.2   14.7    9.9    4.7    4.8
 1790    3.5    5.9    8.0    8.5   14.3   17.7   17.0   18.2   13.9   12.2    6.4    4.9
 1791    5.5    4.1    6.1   12.7   12.3   17.0   18.0   19.7   15.6    9.9    4.9    3.4
 1792    4.0    3.0    7.4   12.3   13.0   15.9   18.7   19.2   13.7   11.5    5.4    4.4
 1793    1.4    5.5    6.5    8.3   12.0   15.3   20.8   18.7   13.8   12.0    6.8    4.6
 1794    1.4    7.6    9.5   13.3   13.7   18.8   23.4   17.2   14.8   11.0    8.2    1.5
 1795   -5.5    4.0    6.2   11.6   14.0   16.7   16.3   19.2   18.1   14.0    5.4    7.0
 1796    7.4    3.6    4.0   10.4   12.7   15.1   17.0   17.9   17.0    9.7    5.1    0.7
 1797    3.3    3.4    5.4   10.4   14.3   13.4   19.6   18.4   14.7    9.9    7.0    6.0
 1798    3.3    4.4    5.6   11.2   13.8   18.1   18.3   19.0   15.6   11.9    6.0   -0.3
 1799   -2.5    4.6    4.2    6.6   11.5   14.8   17.7   17.9   15.2   10.1    6.1   -1.8
 1800    4.6    2.9    3.9   12.3   15.0   14.1   18.1   19.7   16.1   10.2    6.6    4.4
 1801    4.3    3.4    8.6    9.9   12.9   15.7   17.1   18.1   16.5   11.7    6.1    3.9
 1802   -1.8    4.0    5.9   10.1   13.7   16.3   16.1   21.5   16.5   11.8    6.0    4.0
 1803    0.5    0.3    5.8   10.9   11.2   15.9   19.9   19.2   13.6   10.2    6.8    5.5
 1804    6.2    1.9    5.9    9.1   16.0   18.3   18.0   18.1   17.8   11.3    6.9    0.8
 1805    1.3    4.0    6.3    8.6   11.9   14.7   17.0   17.6   16.1    9.2    3.2    2.1
 1806    5.6    5.6    6.6    7.6   16.7   17.6   18.9   17.6   15.8   10.5    8.5    8.2
 1807    1.9    5.5    3.3    8.8   15.8   16.2   21.4   21.0   12.5   12.4    5.4    1.1
 1808    2.1    2.2    3.5    7.6   17.1   15.9   21.2   18.9   14.2    8.6    7.1    0.9
 1809    4.6    7.5    6.8    6.1   14.8   15.0   16.9   17.5   14.6    9.3    4.6    4.9
 1810   -1.9    2.5    7.7    9.0   13.3   16.6   17.3   17.2   17.2   11.1    7.4    4.9
 1811   -0.7    6.5    8.6   11.5   16.7   17.0   18.8   17.3   16.4   14.2    8.2    4.1
 1812    1.1    5.8    5.3    7.0   15.2   15.7   17.3   17.6   15.0   11.5    4.0   -1.4
 1813   -0.1    5.6    6.0   10.2   14.8   15.2   16.7   16.4   13.5   11.2    5.7    2.7
 1814   -0.6   -0.3    3.4   11.1   11.9   15.2   18.9   17.0   14.9    9.3    5.7    5.8
 1815   -1.0    6.9    9.2    9.9   14.4   15.6   17.2   17.5   15.1   11.8    3.0    1.4
 1816    2.2    1.6    5.2    9.5   12.3   14.4   15.2   15.1   13.7   11.2    3.7    3.3
 1817    4.6    6.5    5.9    6.9   12.0   17.4   16.7   16.0   16.5    6.9    9.2    2.2
 1818    3.9    3.5    6.1   11.0   13.3   18.8   19.7   17.8   15.3   11.3    8.7    1.7
 1819    4.5    5.1    6.5   11.2   14.2   15.6   18.7   18.8   16.0   10.7    4.4    2.9
 1820   -1.1    2.5    3.6   11.2   13.7   15.2   17.9   18.3   13.8    9.7    4.7    2.9
 1821    2.7    0.6    6.9   11.2   11.7   14.1   16.6   19.7   16.3   10.7    9.8    7.1
 1822    4.0    5.7    9.5   10.7   16.3   20.8   18.5   18.5   15.5   12.8    8.6   -0.9
 1823   -0.7    4.9    6.1    8.8   14.8   14.6   16.7   18.7   15.3   10.2    5.3    5.2
 1824    2.3    4.7    5.4    8.6   12.2   16.1   18.3   18.0   16.1   11.5    9.2    6.7
 1825    3.1    3.9    5.2   11.5   13.8   16.6   19.9   19.0   17.5   11.8    6.9    6.0
 1826   -2.1    6.0    7.0    9.8   12.2   18.4   20.3   20.8   16.7   13.0    5.0    5.4
 1827   -0.6   -1.3    7.6   11.0   14.2   16.6   19.4   17.8   15.8   12.7    5.4    6.5
 1828    5.5    4.8    6.6   10.4   14.7   17.1   18.7   17.2   16.2   10.4    7.0    4.1
 1829   -2.5    2.3    5.3    9.4   14.5   16.8   18.2   16.6   13.3    9.6    4.3   -3.9
 1830   -2.9    0.8    8.5   11.6   14.2   15.7   18.5   16.6   13.4   10.2    7.5    2.2
 1831    1.5    5.6    8.7   11.1   13.8   16.5   19.3   18.3   15.0   14.3    6.2    5.1
 1832    1.1    3.0    5.2   10.3   12.8   16.9   19.1   20.4   15.1   10.9    6.3    3.9
 1833   -0.7    6.7    3.8    9.2   17.3   18.0   17.9   16.1   13.3   11.9    5.6    7.5
 1834    6.7    3.4    7.1    8.3   15.8   18.3   20.0   19.1   17.2   11.5    6.7    3.6
 1835    3.2    5.9    6.1    9.0   13.4   16.9   20.7   18.9   15.7    9.7    5.0   -0.3
 1836    2.2    2.5    8.4    8.2   12.0   18.0   19.0   18.5   13.7   10.8    7.2    3.7
 1837    2.0    5.0    2.2    5.3   10.6   18.1   17.9   19.7   14.2   10.9    5.6    4.0
 1838   -5.0    1.7    6.6    6.3   13.8   15.8   17.9   17.6   15.1   10.8    7.3    1.4
 1839    2.4    4.7    5.5    7.3   13.2   18.7   18.2   17.0   15.3   10.2    7.8    5.3
 1840    3.0    3.2    3.0   12.3   14.7   17.9   16.9   19.4   14.4    9.1    7.6   -3.1
 1841    1.7    1.7    8.3    9.6   16.5   14.6   15.7   17.0   17.7   10.6    6.0    4.7
 1842   -2.2    3.8    7.5    9.4   13.8   19.5   18.4   21.6   14.7    7.7    4.6    3.3
 1843    3.7    2.9    7.2    9.7   13.2   15.0   17.2   18.5   17.0   10.6    6.6    3.6
 1844    2.1    1.8    6.1   11.9   12.0   16.8   16.4   14.7   15.2   10.0    6.3   -1.4
 1845    1.6   -0.2    0.7   10.4   10.2   16.9   16.2   15.1   14.4    9.7    7.4    4.8
 1846    4.4    5.8    6.9    9.3   13.1   20.1   19.9   19.2   16.9   11.0    5.3   -1.2
 1847    1.7    2.3    4.9    7.4   14.9   14.9   19.7   18.0   13.4   11.5    7.6    3.2
 1848   -1.8    6.1    7.0   10.7   15.4   17.1   18.6   17.4   14.4   10.9    5.8    5.0
 1849    4.5    5.7    5.4    7.9   14.7   17.5   17.4   17.5   15.3   11.3    5.5    3.2
 1850   -0.8    6.7    4.0   10.6   12.3   17.5   18.2   16.8   13.4    8.1    8.0    3.7
 1851    4.5    3.4    6.5    9.8   11.2   16.9   17.1   18.3   12.6   10.6    3.0    2.1
 1852    4.4    3.8    5.3    8.8   14.3   16.0   21.8   18.0   14.3    9.2   10.2    7.4
 1853    5.7    0.5    3.2    8.8   13.0   16.1   17.8   17.4   14.1   11.4    5.0   -1.5
 1854    3.7    3.4    7.5   11.8   12.4   14.6   18.6   17.1   15.6   11.6    4.9    5.0
 1855   -0.1   -0.1    4.9    9.0   11.3   15.6   18.1   18.5   15.0   11.3    3.8    1.3
 1856    4.9    5.4    5.2   10.4   11.4   17.3   17.8   20.0   13.2   11.2    4.3    4.1
 1857    2.1    3.2    6.0    9.3   14.8   18.0   19.8   19.4   16.4   11.8    7.7    4.6
 1858    0.2    2.0    5.6   11.1   12.0   20.4   16.8   17.4   16.7   10.7    2.9    4.2
 1859    3.4    5.2    8.3   10.6   13.9   17.9   22.3   19.7   14.8   12.0    5.5    1.1
 1860    4.6    1.1    4.7    7.7   14.3   15.4   16.1   15.6   13.4   10.3    4.7    2.7
 1861   -1.4    5.0    7.5    9.3   13.0   18.4   17.8   19.4   15.1   12.5    5.9    3.6
 1862    2.7    5.0    9.1   11.8   15.5   15.6   17.9   16.6   15.5   11.9    4.9    5.7
 1863    4.8    4.5    6.7   10.9   13.6   16.6   18.0   19.3   13.0   11.3    6.8    5.4
 1864    0.9    2.0    7.7   10.7   14.2   15.6   18.5   16.4   14.7    9.7    4.7    0.2
 1865    2.7    2.0    2.3   14.9   16.3   17.1   19.3   17.3   18.8   11.8    7.3    1.9
 1866    5.4    5.9    5.5   11.4   11.5   18.3   18.2   16.1   14.6   10.6    7.2    5.1
 1867    1.8    7.5    5.1   10.7   14.4   15.8   17.0   18.4   15.0    9.2    4.9    1.2
 1868    0.7    5.2    6.7   10.3   17.7   18.3   20.9   18.2   17.0    9.8    4.5    8.4
 1869    3.1    7.6    3.2   12.5   13.8   14.3   19.8   16.8   15.8    9.5    7.1    2.7
 1870    3.3    0.8    4.6   10.9   14.4   17.8   20.7   16.9   13.8   10.6    5.7   -1.1
 1871   -1.3    5.9    7.7   11.1   12.7   14.1   18.5   19.5   15.8    9.0    2.7   -0.4
 1872    4.0    6.9    8.2   10.1   11.8   16.8   20.0   17.1   15.5    9.9    8.5    6.4
 1873    5.0    2.1    8.2    9.0   11.8   16.8   19.4   18.4   14.0   10.3    7.1    2.9
 1874    4.5    4.0    6.9   11.6   11.6   17.4   20.8   17.2   15.9   11.1    5.7    0.6
 1875    5.5    1.5    5.6   10.3   15.1   17.0   17.1   19.0   16.6    9.6    6.4    2.2
 1876    0.0    4.5    6.9   10.3   11.6   16.5   20.3   19.5   14.2   12.6    6.9    7.4
 1877    6.5    6.8    5.7   10.0   11.3   19.2   17.8   18.1   12.2    9.5    8.3    3.5
 1878    2.6    5.1    6.5   11.2   14.3   16.8   18.3   18.1   14.5   10.9    5.0    1.2
 1879    0.3    4.5    6.9    8.1   10.3   16.1   15.9   18.4   15.0   10.0    3.7   -7.6
 1880   -0.9    5.1   10.1   10.0   13.8   15.8   18.7   18.8   16.2    9.6    5.8    7.7
 1881   -1.0    4.8    8.0    9.7   13.6   16.2   20.4   16.9   14.0    7.5    8.7    2.5
 1882    2.3    4.1    8.4   10.3   13.5   15.3   17.2   16.7   13.7   11.2    7.8    4.9
 1883    4.3    5.3    3.0    9.6   14.1   16.6   16.9   18.0   14.8    9.6    6.6    4.5
 1884    5.9    5.7    7.5    8.4   14.4   14.8   19.6   19.9   15.8    9.4    4.3    4.5
 1885    0.1    7.4    5.5   10.4   11.5   18.4   18.8   16.5   14.4    8.9    6.5    2.5
 1886    2.5    1.5    5.6   10.8   14.5   15.5   18.6   18.3   17.1   12.7    7.2    3.3
 1887    0.1    2.5    3.7    8.5   11.7   17.6   19.7   17.6   13.0    7.0    5.3    2.6
 1888    1.2    0.2    4.1    7.8   13.6   16.7   16.0   16.7   14.9    7.9    8.4    3.5
 1889    1.4    2.7    4.8    8.9   15.0   18.8   18.1   17.1   14.0    9.8    6.2    0.6
 1890    6.1    2.2    6.8    9.1   14.3   15.8   16.6   17.0   15.3    9.1    6.3   -3.0
 1891   -0.5    2.8    6.0    8.5   12.3   16.8   17.1   16.4   15.7   11.9    5.1    5.1
 1892    2.3    4.5    4.1   10.6   15.3   17.3   18.1   19.2   15.2    9.2    8.7    1.1
 1893   -1.0    6.2    9.1   14.2   14.4   17.9   19.1   19.6   15.1   11.2    5.0    2.9
 1894    2.8    5.3    8.0   12.5   12.2   16.6   18.7   17.3   13.8   10.4    7.1    4.0
 1895    0.1    4.8    5.1   10.9   14.4   16.8   18.1   18.0   19.0    9.0    9.2    5.6
 1896    2.8    3.1    8.9    9.6   13.4   17.7   19.2   16.1   14.9    9.0    3.0    4.0
 1897    2.5    7.3    9.0    9.8   12.5   18.6   18.8   18.2   14.0   10.2    5.9    3.7
 1898    3.9    4.7    4.6   10.8   12.3   15.4   17.4   20.5   16.5   12.6    7.7    5.3
 1899    6.3    6.0    5.8    9.8   12.8   17.6   19.9   21.1   15.9   10.2    7.7    0.4
 1900    5.1    5.4    4.4   10.0   12.9   18.0   21.9   17.9   15.9   11.2    8.0    6.4
 1901    3.0    0.0    4.7   11.0   14.5   17.9   20.1   18.8   15.5   10.3    4.0    4.0
 1902    4.5    2.6    8.1   11.1   10.7   15.8   18.5   17.2   14.7    9.7    6.2    2.8
 1903    3.8    6.4    8.2    7.5   14.0   15.5   18.0   17.2   15.8   12.4    6.8    1.7
 1904    2.2    4.5    5.4   11.0   14.6   16.6   21.4   18.6   13.4   10.8    4.9    5.2
 1905    1.7    4.6    8.2    9.5   12.8   17.4   20.2   17.5   14.4    7.2    5.1    3.7
 1906    5.0    3.5    5.9    9.6   13.7   16.4   19.0   18.9   15.0   13.3    8.1    1.7
 1907    2.8    2.0    7.0    9.0   13.9   15.4   16.6   17.8   16.2   11.7    7.6    5.1
 1908    0.2    5.0    4.6    8.5   15.3   18.2   18.4   16.7   14.8   11.5    5.3    2.4
 1909    1.7    1.9    4.9   11.7   13.6   14.8   16.0   18.1   13.9   12.0    4.1    4.4
 1910    4.1    5.5    6.7    9.1   12.9   16.7   16.6   17.4   14.5   12.1    5.4    6.6
 1911    1.1    4.5    6.9    9.0   15.0   16.9   21.4   21.7   17.4   11.2    6.5    7.1
 1912    4.8    7.2    9.0   10.3   14.9   16.5   18.9   15.2   11.8    9.4    5.7    5.9
 1913    6.1    4.4    8.4   10.2   14.0   16.2   16.6   17.4   15.3   11.9    9.8    3.6
 1914    0.0    6.5    8.1   12.5   13.2   15.8   17.8   18.9   15.0   10.1    5.9    6.5
 1915    4.3    4.7    5.7    9.5   15.4   18.1   17.5   17.4   14.7    8.9    3.9    8.0
 1916    7.3    4.6    5.9   10.2   14.9   13.9   17.2   18.2   14.4   11.2    6.6    4.0
 1917    0.7   -0.6    4.3    6.6   16.8   19.0   18.5   16.9   15.9    9.0    8.0    0.4
 1918    3.0    5.3    6.6    8.8   15.7   15.6   18.5   18.5   14.9    9.3    5.8    7.6
 1919    3.1    2.7    6.5    7.9   15.8   17.3   15.5   19.3   15.9    7.5    4.2    6.3
 1920    5.5    6.5    8.9   10.5   15.0   16.7   17.6   16.1   14.9   11.0    4.2    3.9
 1921    7.3    4.4    7.8   10.2   14.7   17.6   21.7   18.3   16.3   14.0    2.7    4.6
 1922    4.2    4.7    6.5    8.2   15.7   17.0   16.7   16.6   13.4    7.5    4.9    4.8
 1923    4.4    6.3    7.9    9.9   12.7   14.1   20.4   18.5   15.1   11.7    4.2    3.6
 1924    4.2    2.1    6.2    9.4   15.3   16.2   17.8   15.4   14.7   11.6    6.8    3.8
 1925    4.6    5.6    4.1    9.7   13.8   16.9   18.3   17.4   12.7   11.4    4.1    3.8
 1926    4.0    8.6    7.3   10.6   12.4   14.6   18.7   18.3   16.8   10.7    8.0    2.0
 1927    4.5    4.3    8.3   10.6   14.4   15.5   17.9   17.5   14.8   10.9    5.8    1.7
 1928    5.4    6.8    7.4   10.4   12.4   16.4   20.3   18.7   15.2   11.0    8.5    4.2
 1929   -0.1   -1.6    7.1    7.8   14.4   16.5   19.9   18.5   18.7   11.2    7.1    6.9
 1930    6.6    3.0    7.4   10.7   12.8   18.7   17.5   18.3   15.3   11.9    8.4    4.0
 1931    4.1    3.7    5.7    9.3   14.6   18.0   17.9   16.7   12.3    9.7    8.1    3.6
 1932    5.0    1.4    5.6    8.9   12.9   17.0   18.1   21.2   17.0   10.8    7.0    5.2
 1933    1.7    4.3    8.6   10.9   14.2   16.4   20.4   20.4   16.7   11.7    4.7   -2.0
 1934    3.5    2.7    6.1   11.9   14.7   18.3   21.1   17.8   17.7   12.5    5.9    8.2
 1935    3.3    5.5    6.4    9.9   12.6   18.8   20.1   18.6   15.9   10.3    7.3    3.8
 1936    6.5    3.9    8.4    8.3   14.9   17.5   17.2   18.2   15.8    9.3    6.7    4.0
 1937    5.7    7.3    5.7   10.9   15.5   17.2   18.8   19.5   15.4   11.7    5.4    3.1
 1938    5.3    4.1    9.7    8.3   12.5   18.3   17.9   18.8   16.0   10.7   10.0    2.4
 1939    6.0    4.6    6.1   11.3   12.8   17.8   17.5   18.1   15.1    9.8    9.4    2.5
 1940   -2.4    4.4    7.5   10.5   14.9   18.7   17.3   17.4   15.4   10.3    7.8    1.2
 1941    0.0    4.1    7.8    8.7   11.3   18.1   20.0   16.8   16.1   11.3    6.5    4.2
 1942   -1.1   -1.9    8.2   12.3   14.1   17.2   18.0   19.1   16.2   12.9    5.3    5.0
 1943    5.6    5.0    8.2   13.0   15.2   16.7   20.2   18.8   15.2   12.1    5.8    2.7
 1944    5.3    2.0    5.0   11.9   14.1   16.0   19.0   21.2   14.6   10.2    7.2    3.6
 1945   -1.9    7.7    9.0   12.8   16.0   18.8   20.6   18.6   16.7   12.4    5.9    4.9
 1946    0.8    6.9    6.7   12.0   13.8   15.8   19.8   17.3   16.3   10.7    7.2    1.2
 1947    0.6    0.2    7.6   12.5   16.3   18.8   21.4   21.9   18.5   11.7    8.1    2.7
 1948    6.8    4.3   10.1   11.2   15.0   16.5   18.0   17.7   15.3   10.5    6.1    4.5
 1949    4.6    5.1    6.0   13.2   13.1   17.1   21.6   19.8   19.1   13.0    6.0    4.8
 1950    2.5    7.3    8.1    9.5   15.1   19.7   20.3   18.6   14.7   10.8    7.5    0.8
 1951    5.4    4.8    5.9    9.1   12.3   16.2   18.3   17.0   16.3    9.9    9.1    4.3
 1952    3.3    2.6    8.0   11.8   15.2   17.5   20.3   18.9   12.4   10.2    4.5    3.2
 1953    0.5    3.3    7.3   10.4   15.0   15.8   18.0   18.6   15.8   11.8    5.9    6.4
 1954    1.0    1.3    8.0    8.7   13.2   16.0   16.5   17.0   15.1   12.7    7.7    6.6
 1955    3.5    3.2    3.8   10.3   12.4   16.6   19.0   18.6   15.0    9.6    6.3    6.5
 1956    4.0   -4.6    6.8    8.0   14.4   14.2   17.9   15.7   16.6   10.6    5.1    6.3
 1957    3.0    7.4   10.0    9.5   11.6   17.8   19.1   17.2   14.9   11.2    6.6    3.2
 1958    3.9    6.3    4.2    8.1   13.8   15.4   17.7   18.0   16.6   11.4    5.9    5.4
 1959    2.8    2.7    8.4   10.7   14.6   17.6   20.9   19.4   17.5   12.1    6.9    6.5
 1960    4.0    4.7    8.1   10.0   15.0   17.5   16.9   17.2   14.1   11.3    9.0    3.6
 1961    3.7    7.9    8.4   12.8   12.7   16.8   17.6   18.4   18.5   12.1    6.0    4.2
 1962    5.4    3.9    3.5    9.3   11.6   15.8   17.1   17.6   14.7   11.4    5.5    0.9
 1963   -2.7   -1.7    6.4    9.8   12.2   16.1   18.1   15.8   14.7   10.7    9.3    0.4
 1964    0.6    5.6    5.0    9.6   15.1   16.3   18.9   18.2   16.3    8.9    7.1    2.9
 1965    3.6    1.5    6.8    9.2   13.0   16.4   16.1   16.7   13.4   10.8    5.6    6.1
 1966    1.1    8.1    6.4   10.9   12.8   17.7   16.9   16.8   15.7   12.2    5.0    6.1
 1967    3.6    6.1    7.8    8.8   12.7   15.7   19.9   17.6   15.3   13.0    5.8    3.2
 1968    3.8    3.5    7.1   10.1   11.7   16.0   17.3   17.3   15.2   13.2    5.6    1.8
 1969    5.4    2.2    6.4    9.6   13.5   15.5   19.2   17.6   15.8   11.9    7.3    0.9
 1970    4.3    4.4    4.3    7.8   13.6   18.0   17.3   18.0   16.4   11.5    8.7    2.9
 1971    3.6    4.6    4.2   11.0   15.2   15.1   19.2   18.2   15.3   11.3    5.7    4.7
 1972    3.0    5.5    8.6    9.7   12.3   14.0   18.4   17.1   13.3   10.7    7.2    4.7
 1973    3.1    4.1    6.6    8.5   13.7   17.6   18.4   20.5   17.1   10.9    6.3    4.3
 1974    7.4    5.7    7.4   10.5   12.8   16.5   17.5   18.8   14.6    8.3    8.1    8.0
 1975    7.6    6.0    5.7    9.8   12.4   16.2   19.3   20.9   16.4   10.0    6.9    2.7
 1976    5.1    4.8    5.9    9.6   14.9   20.2   21.8   19.8   15.0   12.9    7.2    2.4
 1977    4.3    7.3    8.9    8.7   13.0   15.5   18.3   17.1   14.3   13.4    7.7    6.1
 1978    3.6    3.3    8.0    8.6   13.2   15.2   16.9   16.4   15.0   12.0    6.0    5.1
 1979   -1.0    2.9    6.4    9.0   12.8   16.2   17.7   17.0   15.2   12.5    7.0    6.4
 1980    1.2    6.3    6.2    8.9   12.5   15.6   16.7   18.6   16.5   10.6    5.8    3.8
 1981    3.9    2.6   10.0   10.1   13.3   15.7   17.9   18.4   16.1   10.7    7.4    3.9
 1982    3.3    4.9    6.6    9.3   13.7   18.0   20.1   17.6   17.3   11.0    8.4    5.0
 1983    6.5    2.2    7.1    9.2   11.6   17.5   21.9   19.2   15.4   11.4    6.6    4.8
 1984    4.8    4.0    5.3    9.7   11.0   16.2   18.7   18.4   14.5   11.7    9.7    4.6
 1985   -1.3    1.9    5.0    9.9   13.7   15.1   18.7   16.8   16.1   10.7    3.9    6.0
 1986    4.2   -2.1    5.4    6.9   13.8   17.8   18.3   17.1   12.4   13.0    8.3    5.7
 1987   -2.0    3.2    4.5   12.1   11.5   15.1   17.9   17.9   16.9   11.8    6.6    4.5
 1988    7.1    4.9    6.9   10.2   14.4   16.1   17.4   18.5   15.0   12.0    5.5    7.4
 1989    4.1    5.7    9.9    8.2   16.3   16.9   20.0   19.1   16.3   13.5    5.7    4.6
 1990    5.6    8.9    8.6    9.0   15.6   15.6   19.6   21.1   14.7   13.3    7.1    3.8
 1991    4.2    1.0    9.7    9.3   11.6   14.6   19.2   20.1   17.5   11.1    6.7    3.4
 1992    3.2    5.0    8.4    9.5   15.4   16.5   19.4   20.0   15.2    9.2    9.0    4.5
 1993    6.8    3.4    7.5   12.3   15.0   17.6   17.9   17.6   14.9   10.4    3.8    7.0
 1994    6.4    4.9    9.7    9.6   14.1   17.1   22.1   19.2   14.9   11.8   11.4    6.9
 1995    5.4    8.5    7.0   10.0   14.1   16.2   21.4   21.0   15.0   14.9    7.7    3.3
 1996    4.0    2.8    6.3   10.5   11.9   17.9   18.8   19.0   14.3   12.0    6.9    2.3
 1997    0.4    7.7    9.9    9.9   14.4   17.2   18.8   23.1   16.8   11.9    9.1    6.3
 1998    5.3    6.1    8.9   10.1   16.0   17.8   18.1   19.4   16.6   12.1    5.1    5.8
 1999    6.7    5.2    8.9   11.4   16.3   17.0   21.1   20.1   18.7   12.1    6.5    5.7
 2000    4.5    7.2    8.5   10.8   15.8   17.8   17.6   19.9   17.0   12.5    8.8    7.4
